00000000000000000101000000100000
00100000000010110000000000010100
00000000000000000110000000100000
00100000000011010000001111101000
00010001011010100000000000001010
10001101010011100000001111101000
00000001100011100111100000101010
00000000000000000000000000000000
00000000000000000000000000000000
00010001111000000000000000000010
00100001010011010000001111101000
00000000000011100110000000100000
00100001010010100000000000000001
00000000000000000000000000000000
00001000000000000000000000000100
10101100000011000000011111010000
10101100000011010000011111010100




