001100011110
001100011111
011100100000
001100100001
001100100010
011100100011
001100100100
001100100101
011100100110
001100100111
001100101000
011100101001
001100101010
001100101011
011100101100
001100101101
001100101110
011100101111
001100110000
001100110001
011100110010
001100110011
001100110100
011100110101
001100110110
001100110111
011100111000
001100111001
001100111010
011100111011
001111101000
011111010000
101110111000
001111101001
011111010001
101110111001
001111101010
011111010010
101110111010
001111101011
011111010011
101110111011
001111101100
011111010100
101110111100
001111101101
011111010101
101110111101
001111101110
011111010110
101110111110
001111101111
011111010111
101110111111
001111110000
011111011000
101111000000
001111110001
011111011001
101111000001
000000000001
000000000001
000000000001
000000000001
000000000001
000000000001
000000000001
000000000001
000000000001
000000000001
000000000001
000000000001
000000000001
000000000001
000000000001
000000000001
000000000001
000000000001
000000000001
000000000001
000000000000
000000000000
000000000000
000000000000
000000000000
000000000000
000000000000
000000000000
000000000000
000000000000