10001100001000100000001111101000
10001100001000110000011111010000
00000000011000100010000000100000
10101100001001000000101110111000
00100000001000010000000000000001
10001100001000100000001111101000
10001100001000110000011111010000
00000000011000100010000000100000
10101100001001000000101110111000
00100000001000010000000000000001
10001100001000100000001111101000
10001100001000110000011111010000
00000000011000100010000000100000
10101100001001000000101110111000
00100000001000010000000000000001
10001100001000100000001111101000
10001100001000110000011111010000
00000000011000100010000000100000
10101100001001000000101110111000
00100000001000010000000000000001
10001100001000100000001111101000
10001100001000110000011111010000
00000000011000100010000000100000
10101100001001000000101110111000
00100000001000010000000000000001
10001100001000100000001111101000
10001100001000110000011111010000
00000000011000100010000000100000
10101100001001000000101110111000
00100000001000010000000000000001
10001100001000100000001111101000
10001100001000110000011111010000
00000000011000100010000000100000
10101100001001000000101110111000
00100000001000010000000000000001
10001100001000100000001111101000
10001100001000110000011111010000
00000000011000100010000000100000
10101100001001000000101110111000
00100000001000010000000000000001
10001100001000100000001111101000
10001100001000110000011111010000
00000000011000100010000000100000
10101100001001000000101110111000
00100000001000010000000000000001
10001100001000100000001111101000
10001100001000110000011111010000
00000000011000100010000000100000
10101100001001000000101110111000
00100000001000010000000000000001