00000000000000000000001101101101
00000000000000000000001011111011
00000000000000000000010111111011
00000000000000000000011000110110
00000000000000000000000101110101
00000000000000000000001111010011
00000000000000000000001101111011
00000000000000000000010100001100
00000000000000000000010110001010
00000000000000000000010111100101
00000000000000000000001000101000
00000000000000000000010101001111
00000000000000000000010100011110
00000000000000000000000101000101
00000000000000000000000011101101
00000000000000000000001111100100
00000000000000000000011101111111
00000000000000000000001010101000
00000000000000000000010010010010
00000000000000000000000110111111