11111111111111111111111111111111
11111111111111111111111111111111
11111111111111111111111111111111
00000000000000000000100000100000
00000000000000000001000000100000
00100000000010100000000000001010
00000000000000000010000000100000
10001100100000110000001111101000
00000000010000110001000000100000
00100000001000010000000000000001
00100000100001000000000000000100
00010100001010101111111111111011    
10101100000000100000011111010000
11111111111111111111111111111111
11111111111111111111111111111111
11111111111111111111111111111111
11111111111111111111111111111111
11111111111111111111111111111111
11111111111111111111111111111111
11111111111111111111111111111111
11111111111111111111111111111111
11111111111111111111111111111111
11111111111111111111111111111111