11111111111111111111111111111111
11111111111111111111111111111111
00100000000001000000000000000100
00100000000000010000000000000001
00100000000101000000000000010100
00000000000000000001100000100000
10001100000000100000001111101000
10001100100001010000001111101000
00000000010001010011000000101010
00010000110000000000000000000010
00000000000001010001000000100000
00000000000000010001100000100000
00100000001000010000000000000001
00100000100001000000000000000100
00010100001101001111111111111000
10101100000000100000011111010000
10101100000000110000011111010100
11111111111111111111111111111111
11111111111111111111111111111111
11111111111111111111111111111111
11111111111111111111111111111111
